durSG	nVV	nSil	z
495	2	3	1.75
605	2	5	-0.63
1766	7	10	6.28
1273	7	10	-0.88
1929	9	10	7.72
779	5	6	1.68
1034	6	7	0.21
1363	6	6	10.61
2322	9	11	6.33
1144	7	7	0.27
811	4	6	0.2
1817	8	12	1.25
2265	7	7	10.9
1785	7	11	0.83
976	5	7	-0.02
774	4	4	0.81
519	3	4	-0.29
364	2	2	-0.13
2559	10	12	7.93
3124	9	10	28.88
1904	7	7	6.02
1266	5	6	9.45
2002	9	11	6.41
1186	5	5	4.21
1306	6	9	5.11
2361	10	12	15.36
1510	6	7	1.55
1708	8	8	8.77
2866	11	13	9
2947	10	11	9.29
1900	5	5	7.88
1128	7	9	-0.91
1064	5	9	1.49
1895	8	9	9.87
1058	6	6	1.37
770	5	5	-0.29
2192	10	10	5.9
951	4	5	0.61
1057	5	5	1.51
2757	10	12	9.57
1139	5	6	0.48
826	5	7	0.12
1494	7	8	6.14
2215	10	14	6.21
2208	9	11	22.56
2097	9	10	0.42
1963	5	6	15.92
1029	5	7	-0.18
868	5	5	0.45
1512	7	10	0.29
1194	4	5	5.16
1899	6	9	10.3
2725	8	10	18.41
1762	7	8	3.81
1553	8	9	1.53
2447	7	10	7.94
2111	8	9	6.25
2127	7	7	6.15
1393	6	6	4.99
2185	8	10	5.64
783	4	5	-0.25
3795	9	13	10.94
2019	8	9	2.4
1684	7	7	8.99
1095	5	5	3.42
1705	4	5	11.18
1776	7	12	-0.21
889	4	6	0.13
1900	7	8	8.39
3007	12	14	15.94
1689	9	9	0.21
1358	5	5	6.1
1271	7	9	-0.19
910	5	6	1.74
3247	11	11	17.37
2012	7	8	9.55
1427	6	9	4.29
1672	10	12	-0.38
1879	5	6	16.68
1381	8	10	0.24
1665	8	8	2.73
273	1	1	3.11
1161	6	8	-0.57
397	2	5	-0.41
1966	7	8	9.97
1077	4	6	6.94
2244	9	12	2.82
2231	11	13	4.77
1236	6	8	0.68
2280	6	6	11.27
2643	6	8	12.62
2057	9	12	1.44
2315	10	12	5.50
979	5	6	1.57
1592	4	4	12.86
656	4	5	-1.06
1142	7	8	1.08
1272	6	7	1.19
1400	6	8	2.90
975	5	6	-0.94
503	3	3	-0.86
1588	7	7	2.96
2586	12	14	3.40
1826	6	7	9.45
974	6	6	-0.09
1301	5	6	5.61
2004	6	11	18.14
1232	4	5	7.79
1882	8	9	5.22
2576	7	11	12.94
1254	6	9	0.54
533	3	4	0.99
1818	7	9	10.83
1120	4	4	4.30
883	4	3	3.37
2242	4	5	26.32
1420	6	6	3.50
1322	5	5	3.67
1489	6	7	3.26
2477	9	10	7.19
1312	6	8	0.54
946	5	7	0.66
621	2	4	1.09
1893	8	9	7.39
2082	9	10	5.87
2035	6	9	6.72
1896	5	8	2.73
625	4	6	-0.16
1978	9	10	13.14
1460	5	7	5.78
2216	11	13	6.43
4151	10	15	7.92
1630	5	6	7.56
2267	7	10	7.62
2029	10	12	0.91
1845	4	4	28.43
1502	8	8	4.32
1362	6	9	1.47
991	6	7	-0.85
2496	5	5	19.76
2235	6	7	14.48
1508	5	6	7.08
2789	12	14	7.97
3262	12	17	10.47
1130	5	6	1.73
2146	8	9	21.48
2136	8	9	6.91
1936	6	9	7.27
939	4	4	8.37
2574	9	11	5.49
3252	10	14	34.52
1366	7	7	2.18
2272	10	11	6.01
921	5	5	-0.42
2011	7	7	20.90
1867	7	10	5.16
2613	9	10	15.79
1521	8	9	0.96
1743	7	8	12.80
2662	6	7	16.66
787	4	4	4.82
1061	5	6	0.30
2478	7	9	30.45
1570	4	7	5.38
1332	7	7	2.93
853	5	6	0.81
1336	5	7	2.21
1417	7	8	2.57
2559	5	5	16.25
3147	11	17	11.46
1555	5	8	1.39
981	4	4	1.81
2036	8	9	6.19
2455	8	11	0.59
2153	6	6	20.14
1631	5	6	6.23
1870	4	6	13.13
2245	8	9	18.21
1250	4	4	8.22
2033	8	9	3.81
1229	5	5	3.96
1044	3	3	3.23
3496	11	13	5.54
1318	5	6	-0.46
289	2	2	-0.60
1472	5	6	6.92
1371	4	4	13.33
1938	7	7	6.37
3112	8	9	9.49
1299	6	7	0.64
4326	10	12	26.82
2675	9	9	3.72
2507	11	13	5.07
3640	10	13	8.94
839	4	5	0.55
1185	5	5	11.36
1964	3	3	8.64
905	3	3	7.87
2161	7	8	6.07
1214	5	6	2.00
859	4	5	4.45
1641	4	6	16.42
1978	7	9	9.28
2182	7	10	5.53
840	4	5	1.58
2572	11	12	10.15
721	4	5	-0.35
2162	7	9	19.33
2988	11	13	12.18
1767	7	8	15.80
1221	5	6	1.42
1275	6	8	1.50
1907	8	9	8.25
3090	8	10	7.44
992	3	3	5.81
1406	5	5	5.78
2683	9	10	14.05
2015	4	4	17.74
1540	4	5	22.64
3286	11	14	5.21
1260	5	6	7.53
1331	3	4	9.25
1758	4	4	13.92
3594	16	21	4.02
2626	8	10	31.57
2672	10	13	11.81
1670	4	5	11.41
2479	10	11	4.75
2404	10	11	4.27
927	5	6	1.16
2064	8	9	16.18
1657	3	4	25.17
1497	6	6	6.29
1295	4	4	8.58
1636	7	9	1.46
2635	6	6	10.19
1025	3	3	8.96
1316	3	3	9.58
1995	6	7	13.93
919	3	3	6.20
1162	5	5	5.62
1066	4	5	2.71
1616	6	7	14.96
2616	5	6	2.03
2069	6	9	1.17
1568	5	5	10.50
1887	8	12	2.66
874	5	5	0.15
285	2	2	0.18
1020	5	6	1.79
2483	4	4	34.84
2080	7	10	4.75
838	6	6	0.17
4262	8	9	74.25
676	4	4	1.43
1844	8	11	1.48
1268	3	5	2.71
1656	6	6	3.14
2072	6	7	13.92
1253	6	7	4.42
1408	4	5	3.39
4174	8	13	8.65
1156	5	8	-0.75
1281	6	6	1.59
1528	7	8	3.48
1513	4	5	6.25
2421	8	10	9.15
1818	8	8	5.44
1643	7	9	11.18
2117	6	8	6.64
1734	8	10	2.59
1940	8	11	8.40
1962	7	10	7.13
1185	6	8	-0.37
349	3	3	-0.76
1453	5	5	17.96
1049	7	7	0.36
849	4	5	1.48
822	3	5	1.86
371	2	2	1.60
2127	7	7	13.48
1565	8	9	3.12
1067	4	5	1.44
1683	8	8	8.19
1476	6	7	3.47
2057	4	6	15.86
1589	6	8	5.44
2825	9	13	5.14
2289	9	11	4.76
1108	4	7	2.66
2373	9	11	6.13
1638	6	7	4.60
1400	5	5	6.55
1256	4	5	7.17
3723	9	13	28.50
1447	7	9	3.67
2621	7	8	9.82
2659	6	9	12.84
1257	5	5	0.44
2267	7	11	9.52
924	4	5	0.80
703	3	5	-0.18
1870	8	9	6.12
1363	8	9	0.63
2396	9	13	9.49
3591	10	10	11.26
3396	7	8	59.92
948	4	4	0.58
1785	7	10	3.21
1948	6	6	7.43
715	4	5	0.73
2660	8	10	12.54
1735	7	8	5.42
1867	4	7	8.33
3061	11	16	4.46
1882	8	8	2.42
1725	7	8	6.79
1043	4	4	2.97
847	5	5	1.20
1599	5	7	10.16
1523	6	7	2.97
831	4	4	1.96
576	4	4	0.61
2740	11	13	7.76
2147	7	11	5.76
1540	5	5	8.81
2461	11	14	4.30
1569	7	8	-0.55
2038	7	9	12.21
893	4	5	0.58
1866	6	7	19.66
1012	6	7	-0.32
804	4	5	5.32
3275	9	13	36.51
2431	8	11	16.85
3778	8	11	16.14
1138	4	6	2.80
2212	8	9	13.62
1436	5	5	2.70
1193	5	5	1.39
1950	7	9	5.07
3014	8	11	12.86
2024	6	7	13.92
2434	8	9	11.63
3518	10	11	34.06
1457	6	8	4.42
3153	10	10	37.94
1990	4	6	11.12
1930	8	10	2.21
1771	8	12	0.78
1386	5	7	6.15
718	5	5	-0.42
1332	6	7	2.11
1763	4	4	12.49
1737	5	7	6.26
2095	5	5	13.46
743	4	4	1.27
355	3	3	-0.67
1875	6	10	3.71
778	4	4	-0.07
1307	8	10	-0.77
2168	10	11	13.47
1390	6	8	9.95
1142	4	4	6.73
4134	9	14	17.74
1628	7	9	0.72
780	4	4	2.84
2025	8	10	3.38
2748	9	10	12.99
2156	8	9	7.45
3107	6	9	31.66
2617	8	9	7.42
2354	9	11	13.80
2138	7	7	8.38
1888	5	6	12.36
1810	9	12	-0.77
1504	4	6	18.24
1765	7	10	0.96
1392	6	7	11.26
1884	6	8	8.92
1993	7	8	18.16
1728	4	6	9.16
1118	5	6	5.46
847	4	4	0.38
590	3	3	0.54
1794	4	5	9.01
912	4	6	1.14
1037	7	7	-0.97
1582	6	6	4.32
1008	4	7	0.16
1430	6	6	4.42
2439	7	10	30.00
1773	6	8	6.74
1398	6	7	1.12
2385	8	10	13.39
2464	7	7	6.43
2103	9	11	0.07
1066	6	7	0.11
1234	4	4	16.77
1895	9	12	9.46
547	4	4	0.54
2187	10	11	7.04
1345	6	6	1.15
1569	8	8	4.51
