zscore
0.35	   
1.75	   
-0.7	   
-0.63	   
-0.91	   
-0.82	   
-0.63	   
-0.24	   
1.28	   
4.14	   
6.28	   
3.42	   
0.81	   
-0.61	   
-1.26	   
-1.56	   
-1.08	   
-0.88	   
-1.25	   
-1.74	   
-1.28	   
-0.88	   
-0.27	   
0.25	   
2	   
5.1	   
7.72	   
3.97	   
1.02	   
0.22	   
1.02	   
1.68	   
1.48	   
0.41	   
-0.62	   
-0.61	   
-0.23	   
0.21	   
0.06	   
-0.17	   
0.06	   
3.2	   
7.56	   
10.61	   
5.42	   
0.96	   
-0.89	   
-0.44	   
-0.32	   
-0.14	   
1.38	   
4.08	   
6.33	   
2.9	   
-0.09	   
-1.32	   
-0.95	   
-0.68	   
-0.14	   
0.27	   
0.22	   
0.01	   
-0.44	   
0.2	   
-0.08	   
-0.84	   
-1.39	   
-1.3	   
-0.99	   
-0.04	   
0.79	   
1.25	   
0.27	   
-0.3	   
-0.22	   
-0.04	   
2.33	   
6.48	   
10.9	   
8.06	   
5.19	   
2.64	   
1.38	   
0.34	   
0.39	   
0.83	   
0.39	   
-0.73	   
-1.15	   
-0.69	   
-0.02	   
-0.14	   
-0.08	   
0.31	   
0.81	   
0.21	   
-0.38	   
-0.29	   
-0.35	   
-0.13	   
-0.2	   
-0.29	   
-1	   
-1.07	   
-0.67	   
0.05	   
0.27	   
2.39	   
5.5	   
7.93	   
3.94	   
0.52	   
-0.74	   
-0.51	   
1.83	   
5.88	   
15.55	   
22.35	   
28.88	   
15.43	   
4.29	   
-1.19	   
-0.47	   
2.01	   
4.97	   
6.02	   
2.44	   
0.23	   
1.92	   
6.16	   
9.45	   
5.44	   
1.48	   
-0.31	   
-0.5	   
-0.56	   
-0.97	   
0.36	   
3.48	   
6.41	   
3.66	   
1.67	   
1.91	   
3.74	   
4.21	   
2.29	   
0.45	   
-0.47	   
0.44	   
2.85	   
5.11	   
2.48	   
-0.74	   
-1.79	   
-1.66	   
-1.53	   
-1.37	   
-0.79	   
3.1	   
9.27	   
15.36	   
10.7	   
6.16	   
2.37	   
1.26	   
1.32	   
1.55	   
1.04	   
0.1	   
-0.26	   
-0.43	   
0.35	   
2.7	   
5.97	   
8.77	   
8.03	   
7.53	   
3.15	   
0.04	   
-1.36	   
-1.18	   
-0.65	   
0.08	   
2.07	   
5.77	   
9	   
6.38	   
4.12	   
3.58	   
1.9	   
0.72	   
1.34	   
2.56	   
3.75	   
6.51	   
9.29	   
5.03	   
0.91	   
0.99	    
4.58	   
7.88	   
4.4	   
1.09	   
-1.49	   
-2.09	   
-1.65	   
-1.08	   
-0.91	   
-1.07	   
-0.65	   
0.2	   
1.04	   
1.49	   
0.98	   
-0.34	   
-1.01	   
-1.2	   
-0.42	   
2.56	   
6.96	   
9.87	   
5.47	   
1.49	   
-0.12	   
0.38	   
1.32	   
1.37	   
0.34	   
-0.86	   
-1.07	   
-0.55	   
-0.29	   
-0.93	   
-1.5	   
-1.66	   
-0.81	   
-0.5	   
0.03	   
0.96	   
2.89	   
4.77	   
5.9	   
2.78	   
0.32	   
-0.18	   
0.61	   
0.36	   
-0.05	   
-0.13	   
0.81	   
1.51	   
1.19	   
0.74	   
0.28	   
0.2	   
0.03	   
-0.07	   
0.24	   
2.55	   
6.23	   
9.57	   
5.45	   
1.53	   
-0.24	   
0.17	   
0.48	   
-0.48	   
-0.9	   
-0.89	   
-0.55	   
0.12	   
0.006	   
-0.4	   
-1.2	   
-1.26	   
0.65	   
3.89	   
6.14	   
2.9	   
0.18	   
-0.82	   
-1	   
-1.65	   
-1.85	   
-1.36	   
0.94	   
3.89	   
6.21	   
2.8	   
0.16	   
-0.91	   
-1.06	   
-0.55	   
0.53	   
5.27	   
13.63	   
22.56	   
19.42	   
15.75	   
7.14	   
2.34	   
-0.32	   
-0.35	   
0.11	   
0.41	   
0.42	   
-0.01	   
-0.67	   
2.42	   
9.41	   
15.92	   
9.1	   
2.16	   
-0.66	   
-0.33	   
-0.18	   
-0.43	   
-0.5	   
-0.19	   
0.25	   
0.45	   
0.07	   
-0.21	   
-0.47	   
-0.67	   
-0.38	   
0.09	   
0.29	   
0.14	   
1.34	   
3.54	   
5.16	   
2.56	   
0.74	   
0.03	   
2.35	   
6.85	   
10.3	   
5.2	   
0.86	   
-0.77	   
-0.4	   
0.32	   
5.31	   
12.68	   
18.41	   
10.22	   
2.56	   
-0.98	   
-0.74	   
0.61	   
2.5	   
3.81	   
1.42	   
-0.02	   
-0.79	   
-0.7	   
-0.64	   
-0.34	   
0.56	   
1.53	   
1.02	   
0.59	   
0.54	   
0.22	   
1.79	   
4.82	   
7.94	   
4.47	   
1.8	   
0.55	   
0.13	   
-0.59	   
0.52	   
3.48	   
6.25	   
3.92	   
1.78	   
0.85	   
1.95	   
3.94	   
6.12	   
6.15	   
3.2	   
1.09	   
0.9	   
1.8	   
3.41	   
4.99	   
4.64	   
0.77	   
-0.89	   
-0.68	   
0.56	   
2.48	   
4.65	   
5.64	   
3.03	   
0.56	   
-0.34	   
-0.25	   
-0.66	   
-1.13	   
-1.09	   
-0.64	   
-0.34	   
-0.19	   
1.79	   
6.08	   
10.94	   
9.56	   
8.08	   
7.01	   
3.68	   
2.23	   
1.93	   
2.29	   
2.4	   
1.84	   
0.85	   
0.06	   
-0.27	   
2.03	   
6.05	   
8.99	   
4.97	   
1.79	   
1.61	   
3.19	   
3.42	   
2.62	   
3.28	   
6.83	   
11.18	   
7.36	   
3.6	   
0.32	   
-0.37	   
-0.48	   
-0.22	   
-0.21	   
-0.8	   
-0.46	   
0.06	   
0.13	   
-0.27	   
-0.5	   
-1.18	   
-0.96	   
1.33	   
5.32	   
8.39	   
5.75	   
2.58	   
-0.38	   
-1.03	   
-0.9	   
-0.02	   
0.4	   
0.84	   
1.8	   
5.8	   
11.75	   
15.94	   
8.99	   
3.18	   
0.61	   
0.53	   
0.29	   
-0.02	   
0.06	   
0.15	   
0.21	   
-0.04	   
0.8	   
3.04	   
5.5	   
6.1	   
3.17	   
1.04	   
0.24	   
-0.13	   
-0.41	   
-0.22	   
-0.19	   
-0.47	   
-0.79	   
-0.16	   
0.71	   
1.74	   
1.64	   
0.3	   
-0.61	   
-0.61	   
-0.3	   
-0.2	   
0.004	   
0.05	   
3.79	   
10.67	   
17.37	   
9.7	   
2.32	   
-1.49	   
-1	   
1.66	   
6.28	   
9.55	   
5.44	   
1.75	   
0.21	   
1.53	   
3.49	   
4.29	   
1.83	   
-0.25	   
-0.77	   
-1	   
-1.14	   
-1.23	   
-1.18	   
-0.94	   
-0.56	   
-0.38	   
-0.83	   
-1.09	   
2.78	   
9.74	   
16.68	   
9.97	   
3.64	   
0.35	   
-0.02	   
-1.17	   
-1.45	   
-0.67	   
0.24	   
0.2	   
-0.15	   
-0.11	   
0.06	   
0.09	   
0.45	   
1.13	   
2.73	 
